10,193
10,237
10,249
10,201
10,283
10,97
10,95
11,13
8,9
8,5
37,8
35,6
35,5
20,3
20,2
20,1
19,3
19,2
19,1
18,3
18,1
14,4
14,3
14,1
13,3
13,1
12,3
12,2
12,1
11,29
11,27
11,25
11,23
11,21
11,19
11,17
11,15
11,11
11,9
11,7
11,5
11,3
11,2
11,1
10,313
10,311
10,289
10,275
10,263
10,257
10,251
10,241
10,227
10,223
10,217
10,195
10,189
10,187
10,133
10,119
10,111
10,87
10,85
10,35
10,9
10,5
10,3
10,2
10,1
9,7
9,5
9,3
9,2
9,1
8,18
8,17
8,15
8,14
8,13
8,12
8,11
8,10
8,8
8,7
8,6
8,3
8,2
8,1
3,3
3,2
3,1
2,3
2,2
2,1
0,474
0,388
0,318
0,0
41,34
41,33
41,32
